3, 0.6808033385498174
4, 0.7337506520605113
5, 0.7687141366718832
6, 0.7934793948878456
7, 0.8140584246218049
8, 0.8284689619196661
9, 0.8411711006781429
10, 0.8505477308294209
11, 0.8592070944183621
12, 0.8655581637976004
13, 0.8726134585289514
14, 0.8779733959311424
15, 0.8831768388106416
16, 0.888093375065206
17, 0.8908581116327595
18, 0.8951877934272301
19, 0.8991001564945227
20, 0.903169014084507
21, 0.9057642149191445
22, 0.9083463745435576
23, 0.9112284820031299
24, 0.9136932707355243
25, 0.9161971830985915
26, 0.9183881064162754
27, 0.9204486176317163
28, 0.9228090766823162
29, 0.924282733437663
30, 0.9259389671361502
31, 0.927660406885759
32, 0.9289906103286385
33, 0.9304773082942097
34, 0.9318335941575379
35, 0.9337636932707355
36, 0.9350026082420448
37, 0.9360459050599895
38, 0.9377282211789254
39, 0.938941053729786
